8 8 2
0.13 0.21 0.17
0.0 0.0 0.0

7.615900   0.000000   0.000000
-2.476163   10.775453   0.000000
-3.283230   -1.223457   21.759613
 
180 
1	2.195670	5.397030	9.420610
1	3.037810	5.115450	10.540140
2	3.755940	4.304830	10.447880
1	2.932950	5.807280	11.717990
2	3.550370	5.540280	12.574230
1	2.016090	6.886100	11.829400
2	1.956800	7.433260	12.768760
1	1.212990	7.223620	10.771010
2	0.532620	8.071170	10.844560
1	1.222270	6.468910	9.553990
1	0.290300	6.721600	8.532380
1	-0.737190	7.789720	8.701890
1	-0.437590	9.127560	8.399860
2	0.552840	9.375160	8.014940
1	-1.384670	10.132910	8.606800
2	1.347990	0.390670	8.368090
1	-2.643350	9.815180	9.125550
2	-0.894730	-0.172090	9.317900
1	-2.960910	8.484350	9.406460
2	3.674390	8.224220	9.803360
1	-2.016500	7.479820	9.188650
2	-2.269580	6.444310	9.406900
1	0.302720	5.924470	7.360840
1	-0.646030	6.106530	6.332480
2	-1.392420	6.883950	6.467170
1	-0.659620	5.339370	5.160510
1	-1.578200	5.570970	4.075140
1	5.021360	6.643230	4.295780
1	-2.233120	7.984580	4.519470
2	-1.199180	8.296220	4.362150
1	4.438040	8.911520	4.961630
2	-2.871650	9.938560	5.156590
1	3.115840	8.518050	5.181180
2	2.395980	9.223280	5.595480
1	2.726350	7.210020	4.885900
2	1.690850	6.904560	5.027340
1	3.669990	6.282110	4.443970
2	3.367090	5.254890	4.238770
1	-1.568970	4.722350	2.960830
1	5.343010	5.050560	1.709440
1	4.947840	6.359670	1.391310
2	5.194480	7.177230	2.059760
1	4.272780	6.658780	0.205410
2	3.982360	7.689820	0.005220
1	0.697550	4.434710	21.054820
2	0.132250	4.639040	20.145920
1	1.141270	3.121080	21.286560
1	5.136410	4.040150	0.726340
1	0.881610	2.086210	20.333920
2	0.323340	2.341000	19.432200
1	1.297240	0.807240	20.556960
2	1.077470	0.017120	19.841290
1	2.033360	0.465980	21.737420
1	5.702450	0.357000	0.229780
2	-0.310710	9.134720	21.266100
1	6.374160	0.043560	1.400450
2	4.153330	9.785220	1.634150
1	6.744520	1.052060	2.294990
2	-0.348560	0.759520	3.197360
1	6.433570	2.402680	2.066510
1	5.635280	2.711750	0.927610
1	-0.813830	3.471480	3.011530
1	0.185010	3.315070	3.976570
1	1.214820	2.234660	3.958510
1	2.196360	2.233940	2.957570
2	2.150920	2.970050	2.157680
1	3.239710	1.312210	2.984330
2	3.994580	1.334290	2.204470
1	3.325520	0.372470	4.009860
2	1.680000	10.443710	4.022050
1	2.353050	0.352150	5.011460
2	-0.070300	10.397590	5.819610
1	1.310570	1.279900	4.988610
2	0.566350	1.279170	5.787400
1	0.303380	4.267160	5.044530
1	1.275800	4.120150	6.035900
2	2.014230	3.335790	5.925140
1	1.320050	4.904930	7.199170
1	2.278280	4.659250	8.224480
1	3.307420	3.600660	8.002320
1	4.219390	3.721110	6.937180
2	4.221810	4.634730	6.345540
1	5.098550	2.684920	6.619490
2	5.768710	2.792920	5.768040
1	5.108570	1.514000	7.381300
2	5.780520	0.694350	7.121920
1	4.259540	1.407420	8.485380
2	4.281590	0.520840	9.121190
1	3.365130	2.436220	8.786970
2	2.698260	2.335820	9.639290
1	-0.339160	4.154960	12.339010
1	-1.181300	4.436550	11.219470
2	-1.899430	5.247170	11.311730
1	-1.076440	3.744720	10.041630
2	-1.693860	4.011710	9.185390
1	-0.159580	2.665890	9.930220
2	-0.100300	2.118730	8.990850
1	0.643510	2.328380	10.988600
2	1.323880	1.480820	10.915060
1	0.634240	3.083090	12.205620
1	1.566200	2.830390	13.227230
1	2.593700	1.762270	13.057730
1	2.294100	0.424440	13.359750
2	1.303660	0.176830	13.744680
1	3.241180	-0.580920	13.152820
2	0.508520	9.161330	13.391520
1	-1.259330	1.033950	16.578430
1	4.499860	-0.263180	12.634070
2	2.751240	9.724090	12.441710
1	4.817420	1.067650	12.353150
2	-1.817880	1.327780	11.956250
1	3.873010	2.072170	12.570960
2	4.126080	3.107680	12.352710
1	1.553790	3.627530	14.398770
1	2.502540	3.445470	15.427130
2	3.248930	2.668050	15.292440
1	2.516130	4.212620	16.599100
1	3.434710	3.981020	17.684470
1	-3.164850	2.908770	17.463830
1	4.089630	1.567410	17.240140
2	3.055690	1.255780	17.397460
1	-2.581530	0.640480	16.797990
2	4.728160	-0.386560	16.603020
1	-0.339860	7.318060	18.802050
2	-0.539480	0.328720	16.164130
1	-0.869840	2.341970	16.873710
2	0.165660	2.647440	16.732270
1	-1.813480	3.269890	17.315650
2	-1.510580	4.297110	17.520840
1	3.425470	4.829650	18.798780
1	-3.486510	4.501430	20.050180
1	-3.091340	3.192320	20.368300
2	-3.337970	2.374770	19.699850
1	-2.416280	2.893220	21.554200
2	-2.125850	1.862170	21.754390
1	1.158950	5.117290	0.704790
2	1.724250	4.912960	1.613690
1	0.715240	6.430920	0.473050
1	-3.279910	5.511850	21.033280
1	0.974900	7.465780	1.425690
2	1.533170	7.210990	2.327410
1	0.559270	8.744760	1.202650
2	0.779040	9.534880	1.918330
1	-0.176860	9.086010	0.022190
1	-3.845940	9.194990	21.529830
2	2.167220	0.417280	0.493510
1	-4.517650	9.508440	20.359160
2	-2.296820	-0.233230	20.125470
1	-4.888010	8.499940	19.464630
2	2.205070	8.792470	18.562260
1	-4.577070	7.149320	19.693100
1	-3.778770	6.840250	20.832000
1	2.670340	6.080510	18.748080
1	1.671490	6.236920	17.783040
1	0.641690	7.317330	17.801100
2	-0.294420	6.581940	19.601930
1	-1.383200	8.239780	18.775280
2	-2.138070	8.217700	19.555150
1	-1.469010	9.179520	17.749750
2	0.176510	-0.891710	17.737570
1	-0.496540	9.199850	16.748160
2	1.926810	-0.845600	15.940000
1	0.545940	8.272090	16.771000
2	1.290150	8.272830	15.972210
1	1.553130	5.284830	16.715080
1	0.580710	5.431840	15.723710
2	-0.157720	6.216210	15.834470
1	0.536450	4.647060	14.560440
1	-0.421780	4.892750	13.535130
1	-1.450910	5.951330	13.757300
1	-2.362880	5.830890	14.822430
2	-2.365300	4.917270	15.414070
1	-3.242050	6.867080	15.140120
2	-3.912210	6.759080	15.991570
1	-3.252060	8.038000	14.378320
2	-3.924010	8.857650	14.637690
1	-2.403030	8.144580	13.274230
2	-2.425080	9.031160	12.638420
1	-1.508630	7.115780	12.972650
2	-0.841760	7.216170	12.120320
72  96  192
false.
